<?xml version='1.0' encoding='UTF-8'?>
<kml xmlns='http://www.opengis.net/kml/2.2'>
<Document>
<name>蜀道地图</name>
<description><![CDATA[]]></description>
<Placemark>
<name>褒斜道</name>
<styleUrl>#line-000000-4-nodesc</styleUrl>
<LineString>
<coordinates>107.7678108215332,34.280481768929725,0.0 107.66120910644533,34.17999758688084,0.0 107.64614582061768,34.14430966266865,0.0 107.6509952545166,34.11144923945765,0.0 107.62767076492311,34.07624778447441,0.0 107.62425899505615,34.04216964579967,0.0 107.57191300392151,34.058979329082526,0.0 107.48180150985718,34.058721564286785,0.0 107.42430567741394,34.06102364280223,0.0 107.37564504146576,34.044823326048714,0.0 107.31462478637697,34.05706829557963,0.0 107.27467060089111,34.04053383503203,0.0 107.22887992858887,34.03267439123355,0.0 107.21410095691681,34.015205859662984,0.0 107.21511483192444,33.98535120576812,0.0 107.21947610378265,33.95826258711383,0.0 107.20375299453735,33.93572294528976,0.0 107.1446692943573,33.934147394753566,0.0 107.12233722209932,33.89931316390954,0.0 107.11065620183945,33.87433727579547,0.0 107.10961818695068,33.8570522736436,0.0 107.09827244281769,33.84585669204291,0.0 107.10015267133713,33.82599908119604,0.0 107.08521008491516,33.801287037939915,0.0 107.06304967403412,33.78209456976591,0.0 107.05599546432495,33.72864061821261,0.0 107.02611833810806,33.702579498077796,0.0 107.00242102146149,33.65365088359203,0.0 106.99880808591843,33.61470193882637,0.0 106.99871823191643,33.58392404467791,0.0 106.98798537254333,33.55399351281079,0.0 106.98236145079136,33.532084628920515,0.0 106.99688728898764,33.50595700397546,0.0 107.00286274775863,33.4807209692358,0.0 106.99596360325813,33.457482631485234,0.0 107.00044725090265,33.44114520863765,0.0 106.99257127940655,33.42709700180989,0.0 106.99756991118193,33.39728323353895,0.0 106.98179751634599,33.36272806716892,0.0 106.97128124535084,33.33553623591585,0.0 106.95074524730444,33.31763383727104,0.0 106.9310675561428,33.298149507554825,0.0 106.93962816148996,33.28633832201972,0.0 106.93532539531589,33.26923778636108,0.0 106.96089170873165,33.24897564469697,0.0 106.95640604943037,33.233999008508704,0.0 106.96480622515082,33.21932960320353,0.0 106.96222007274628,33.19948681623071,0.0 107.0229721069336,33.07284324874736,0.0</coordinates>
</LineString>
</Placemark>
<Placemark>
<name>陈仓道</name>
<styleUrl>#line-000000-4-nodesc</styleUrl>
<LineString>
<coordinates>108.82438659667969,34.29239566218294,0.0 108.50286483764648,34.28842455210738,0.0 108.21155548095703,34.261756524459834,0.0 107.7678108215332,34.280481768929704,0.0 107.39762306213379,34.347688034509645,0.0 107.15377807617188,34.36270992082559,0.0 107.11978912353516,34.344853414449155,0.0 107.10609912872314,34.33191924446899,0.0 107.09549903869629,34.31770707632407,0.0 107.08554267883301,34.31409162712668,0.0 107.0744276046753,34.300266414925886,0.0 107.04537391662598,34.278886029975304,0.0 107.02964544296265,34.27148317807095,0.0 107.003413438797,34.27246287433944,0.0 106.91847324371338,34.2402421730394,0.0 106.89931154251099,34.23028127666734,0.0 106.88063263893127,34.21635799627052,0.0 106.87764465808868,34.2040007657465,0.0 106.85769706964493,34.19625966054185,0.0 106.8284972012043,34.196790435328204,0.0 106.81560516357422,34.18738185995058,0.0 106.78260326385498,34.17055329587093,0.0 106.7626690864563,34.15063160819565,0.0 106.74652218818665,34.12532322470832,0.0 106.73913002014162,34.09574277654382,0.0 106.72441005706787,34.084156503760255,0.0 106.71979665756226,34.07125335884334,0.0 106.7004954814911,34.0709156468377,0.0 106.68998658657074,34.057663831571865,0.0 106.69606178998947,34.05032600302505,0.0 106.69257625937462,34.04025601077563,0.0 106.67435400187969,34.03180638481929,0.0 106.66455622762442,34.0166259512256,0.0 106.66309056803584,33.99665383625454,0.0 106.65287017822266,33.97468406245876,0.0 106.60823822021484,33.9436447632123,0.0 106.56721115112305,33.93168164416319,0.0 106.51725769042969,33.91088460473022,0.0 106.47133827209473,33.902122688491744,0.0 106.45387172698975,33.864250885557915,0.0 106.43054723739624,33.85649987983891,0.0 106.41682505607605,33.82617510855696,0.0 106.38987958431244,33.81485960021836,0.0 106.3633605837822,33.80592067192855,0.0 106.31782874464989,33.79089443813701,0.0 106.28877639770508,33.762023698086765,0.0 106.26444339752197,33.73629614430784,0.0 106.23820066452026,33.73156728692171,0.0 106.21786952018738,33.745761998298335,0.0 106.20028495788574,33.733119808460415,0.0 106.19858980178833,33.70558068919894,0.0 106.19860053062439,33.686094507010786,0.0 106.21646404266357,33.663174960842795,0.0 106.19759202003479,33.642750259410114,0.0 106.14438235759735,33.61481138946481,0.0 106.1241289973259,33.6045559312249,0.0 106.10147103667259,33.587988477598124,0.0 106.08688116073608,33.572991133173,0.0 106.05058014392853,33.56756047538206,0.0 106.04075521230698,33.53308459663601,0.0 106.02331146597862,33.499094863828866,0.0 106.00798062980176,33.49827232105118,0.0 106.02984096854925,33.47667232486824,0.0 106.02051509544253,33.47045266249772,0.0 106.04314631782474,33.46562424724798,0.0 106.04208827018738,33.43673281305515,0.0 106.05359494686128,33.434373623952204,0.0 106.05402678251266,33.4174343747635,0.0 106.04480132460594,33.41168609869529,0.0 106.06147460639477,33.40479942055215,0.0 106.0433753952384,33.39791639513765,0.0 106.04908866807818,33.37899471319397,0.0 106.06327495537698,33.38372394502409,0.0 106.08175277709961,33.34687723374279,0.0 106.12016201019287,33.34074672411481,0.0 106.1553955078125,33.32479103589785,0.0 106.1945128440857,33.30128244728557,0.0 106.21814846992493,33.28977688859471,0.0 106.24590396881104,33.27138098518709,0.0 106.27394914627075,33.26321773871457,0.0 106.29981637001038,33.264590293954015,0.0 106.33615493774414,33.25519727886229,0.0 106.36952161788942,33.25141107890755,0.0 106.40048503875732,33.2401591754758,0.0 106.47321581840515,33.1901541455667,0.0 106.50168478488922,33.18252656369773,0.0 106.5516248345375,33.169804219300424,0.0 106.60362482070923,33.162253453034594,0.0 106.67424201965332,33.15328958220092,0.0 106.8645715713501,33.16554057483579,0.0 107.0229721069336,33.07284324874736,0.0</coordinates>
</LineString>
</Placemark>
<Style id='line-000000-4-nodesc'>
<LineStyle>
<color>ff000000</color>
<width>4</width>
</LineStyle>
<BalloonStyle>
<text><![CDATA[<h3>$[name]</h3>]]></text>
</BalloonStyle>
</Style>
</Document>
</kml>